# Num_Maps
5
# Column Row
20 17
# Creditos
11111111111111111111
11111111111111111111
10000000000000000001
10000000000000000001
10000000000000000001
10000000000000000001
10000000000000000001
10000000000000000001
10000000000000000001
10000000000000000001
11111111111111111111
11111111111111111111
10000000000000000001
10000000000000000001
10000000000000000001
10020000040000000001
11111111111111111111
# Column Row
20 17
# Tutorial
10011011101110110101
10101011010101010101
10011011010101110011
10101011010101010011
10011001101110110101
11111111111111111111
11001101010011000101
11010101010101011101
11010101010101001101
11010101010101011101
11001110110011000131
11111111111111111111
10000090000000000001
10000000000000000001
10000000000000000001
10020000034000006001
11111111111111111111
# Column Row
20 7
# Map 0
11111100000111100111
11000000000000000011
10000000000000000001
10000000000000000001
10001000000100000001
12001001003103004061
11111111111111111111
# Column Row
20 10
# Map 1
11111111111111111111
10001100000111000000
10000000000001000001
10000000000001110000
20000000000000011110
10000000013000000001
10000000013304030061
11110001111111111111
00010031000000000000
00011111000000000000
# Column Row
20 15
# END
11111111111111111111
14000000000000000001
10010001001010111001
10101010101010100001
10131011101310110001
10001010101110100001
10110010101010111001
10000000000000000001
10001110101011000001
10001000131010100001
10001100111010100001
10001000101010100001
10001110101011000001
10000000000000000061
11111111111111111111
